$ 1 0.000005 10.20027730826997 50 5 50
R 176 80 64 80 0 0 40 5 0 0 0.5
r 176 112 176 192 0 220
r 224 112 224 192 0 470
r 272 112 272 192 0 1000
w 176 112 176 80 0
w 224 112 224 80 0
w 272 112 272 80 0
162 176 192 176 272 2 default-led 1 0 0 0.01
162 224 192 224 272 2 default-led 1 0 0 0.01
162 272 192 272 272 2 default-led 1 0 0 0.01
g 176 304 80 304 0
w 272 304 272 272 0
w 224 272 224 304 0
w 176 80 224 80 0
w 176 304 224 304 0
w 224 80 272 80 0
w 224 304 272 304 0
w 176 272 176 304 0



$ 1 0.000005 10.20027730826997 50 5 50
r -16 160 -16 288 0 330
172 32 160 32 112 0 7 5 5 0 0 0.5 Voltage
r 80 160 80 288 0 470
w 32 160 80 160 0
w -16 160 32 160 0
172 224 160 224 112 0 7 5 5 0 0 0.5 Voltage
r 224 160 224 224 0 330
r 224 224 224 288 0 470
r 464 160 464 240 0 470
r 368 160 368 240 0 330
172 416 160 416 112 0 7 5 5 0 0 0.5 Voltage
w 416 160 464 160 0
w 416 160 368 160 0
w 368 240 416 240 0
w 464 240 416 240 0
w 416 240 416 288 0
x -25 82 87 85 4 15 Circuit\s1\s-\sSimple
x 174 83 283 86 4 15 Circuit\s2\s-\sSeries
x 355 84 470 87 4 15 Circuit\s3\s-\sParallel
g 224 288 224 320 0
g 416 288 416 320 0
g -16 288 -16 304 0
g 80 288 80 304 0
